_viz_net_graph = nengo_gui.components.NetGraph()
_viz_progress = nengo_gui.components.Progress()
_viz_config[_viz_progress].label_visible = True
_viz_config[_viz_progress].width = 100
_viz_config[_viz_progress].height = 100
_viz_config[_viz_progress].y = 0
_viz_config[_viz_progress].x = 0
_viz_sim_control = nengo_gui.components.SimControl()
_viz_config[_viz_sim_control].kept_time = 4.0
_viz_config[_viz_sim_control].shown_time = 0.5
_viz_config[error].pos=(0.49999999999999994, 0.3026315789473684)
_viz_config[error].size=(0.09803921568627451, 0.06578947368421052)
_viz_config[learning].pos=(0.11907577101192234, 0.48325956716863677)
_viz_config[learning].size=(0.07843137254901959, 0.05263157894736842)
_viz_config[memory].pos=(0.49999999999999994, 0.6973684210526315)
_viz_config[memory].size=(0.09803921568627451, 0.06578947368421052)
_viz_config[model].pos=(0, 0)
_viz_config[model].size=(1.0, 1.0)
_viz_config[model].expanded=True
_viz_config[model].has_layout=True
_viz_config[recall].pos=(0.872549019607843, 0.49999999999999994)
_viz_config[recall].size=(0.07843137254901959, 0.05263157894736842)
_viz_config[stim_keys].pos=(0.12745098039215685, 0.881578947368421)
_viz_config[stim_keys].size=(0.07843137254901959, 0.05263157894736842)
_viz_config[stim_values].pos=(0.13331361737365446, 0.19053369675805648)
_viz_config[stim_values].size=(0.07843137254901959, 0.05263157894736842)